 3
 31
 3
 31
 8
 85
 5
 52
 2
 28
 2
 24
 0
 03
 9
 99
 3
 38
 9
 95
 6
 65
 3
 37
 9
 97
 6
 69
 1
 10
 0
 07
 2
 23
 7
 71
 2
 24
 3
 30
 6
 66
 5
 56
 6
 60
 9
 1
 0
 02
 0
 00
 2
 20
 9
 96
 0
 06
 9
 93
 6
 63
 9
 94
 2
 25
 8
 89
 3
 34
 3
 32
 1
 8
 82
 7
 78
 9
 97
 3
 33
 3
 35
 1
 16
 6
 65
 3
 30
 6
 66
 1
 10
 1
 12
 0
 08
 1
 12
 8
 83
 2
 29
 2
 29
 0
 9
 90
 3
 33
 7
 70
 7
 9
 95
 7
 75
 1
 10
 9
 96
 8
 88
 2
 20
 9
 90
 2
 24
 7
 79
 3
 1
 17
 9
 92
 2
 21
 8
 80
 8
 80
 5
 59
 3
 31
 1
 16
 7
 70
 1
 13
 5
 54
 9
 96
 3
 33
 9
 98
 8
 82
 8
 84
 7
 76
 6
 64
 5
 54
 544
 7
 8
 83
 8
 88
 6
 66
 1
 17
 7
 79
 6
 67
 1
 14
 6
 63
 3
 37
 5
 59
 1
 10
 2
 21
 1
 8
 86
 0
 06
 1
 10
 5
 54
 0
 05
 8
 1
 18
 2
 23
 8
 87
 8
 82
 6
 63
 5
 55
 7
 79
 9
 95
 0
 07
 0
 01
 5
 54
 7
 72
 9
 91
 5
 50
 2
 25
 1
 19
 5
 55
 5
 54
 544
 9
 92
 5
 51
 9
 91
 9
 94
 2
 22
 3
 32
 6
 62
 7
 2
 20
 5
 54
 3
 31
 0
 08
 5
 55
 5
 54
 544
 8
 84
 9
 95
 8
 86
 1
 10
 9
 93
 7
 74
 9
 7
 75
 3
 36
 0
 02
 9
 96
 7
 73
 2
 29
 0
 00
 6
 7
 72
 2
 21
 0
 00
 5
 52
 3
 39
 7
 76
 6
 63
 8
 0
 06
 9
 91
 8
 89
 6
 63
 1
 17
 1
 13
 7
 71
 5
 58
 0
 05
 1
 11
 9
 98
 6
 63
 1
 17
 3
 34
 0
 04
 2
 6
 60
 8
 82
 7
 74
 5
 53
 6
 66
 5
 1
 19
 5
 7
 74
 9
 97
 6
 66
 9
 94
 5
 57
 1
 15
 3
 34
 3
 0
 4
 2
 23
 0
 09
 5
 55
 9
 97
 5
 59
 5
 54
 8
 81
 3
 38
 6
 65
 2
 27
 6
 65
 6
 64
 9
 98
 8
 1
 12
 0
 06
 3
 31
 1
 15
 7
 78
 1
 12
 7
 71
 0
 3
 31
 5
 58
 1
 16
 7
 76
 1
 10
 0
 09
 6
 67
 8
 7
 9
 91
 3
 37
 6
 60
 2
 26
 7
 77
 1
 12
 5
 50
 0
 02
 5
 58
 5
 9
 93
 8
 89
 9
 97
 7
 76
 2
 26
 0
 05
 5
 5
 55
 4
 6
 61
 1
 10
 5
 58
 8
 88
 3
 34
 7
 7
 75
 5
 56
 2
 25
 3
 32
 5
 51
 5
 59
 7
 79
 3
 31
 5
 59
 6
 66
 1
 13
 8
 89
 0
 09
 0
 02
 2
 23
 8
 1
 1
 12
 7
 79
 8
 81
 7
 72
 7
 70
 7
 77
 2
 29
 3
 31
 2
 24
 9
 90
 2
 27
 6
 68
 6
 64
 5
 57
 5
 51
 5
 59
 5
 54
 544
 0
 01
 8
 86
 1
 15
 9
 93
 7
 9
 99
 2
 27
 5
 53
 6
 61
 2
 20
 3
 34
 8
 85
 9
 99
