97
97
41
18
84
80
69
55
94
51
21
93
53
25
76
63
89
37
80
96
22
12
26
5
7
68
66
86
52
62
59
29
50
81
45
90
98
7
48
34
53
99
91
72
21
96
22
76
78
64
78
49
85
85
6
56
99
36
3
51
31
76
52
44
86
56
80
35
9
73
58
87
46
46
15
97
72
36
79
10
52
99
54
48
40
32
20
100
3
49
44
22
73
35
23
70
29
93
15
76
87
7
42
62
76
10
61
4
74
89
43
48
29
11
35
51
63
67
10
38
57
16
81
75
11
100
58
17
57
50
88
98
28
3
86
10
97
64
11
100
40
51
42
76
59
30
5
31
92
68
52
39
85
66
2
38
87
66
18
95
32
29
4
62
57
45
29
73
79
37
14
61
77
54
29
73
90
60
8
26
48
30
19
22
1
75
1
30
53
22
50
13
71
90
9
6
0
89
65
11
53
15
10
47
94
21
83
21
20
54
4
78
62
97
71
34
78
37
6
97
14
72
32
76
65
23
4
3
57
93
26
82
33
78
16
68
14
1
59
45
53
32
82
61
1
11
0
27
76
14
44
90
3
31
12
81
98
17
15
35
97
15
22
79
45
65
68
89
4
7
78
35
47
38
36
33
85
97
80
56
83
24
20
13
17
15
100
67
42
71
59
3
55
83
19
27
86
90
41
55
